Robotics

Tep:   0.995     0         0.09983   0.728     
   0        -1         0        -0.2       
   0.09983   0        -0.995    -0.01516   
   0         0         0         1         

Tep:   0.995    -6.24e-05  0.09984   0.8157    
  -3.891e-05 -1        -0.0002372 -0.2541    
   0.09984   0.0002322 -0.995    -0.3546    
   0         0         0         1    


Vector Field

Tep:   1         0         0         11.81     
   0         1         0         14.1      
   0         0         1         0.5       
   0         0         0         1    